static\img\07a1dd37d0a626f7bd313b6d40ce017d_t.jpg  3  23 18 115 74  17 95 78 58  63 168 115 88
static\img\08e2bfa87ce6a22919a652882a8fba24_t.jpg  8  65 94 92 47  135 144 97 60  135 144 97 60  135 144 97 60  135 144 97 60  135 144 97 60  135 144 97 60  135 144 97 60
static\img\08e9bf5963d4ff28dc86de2b8d533d36_t.jpg  1  297 24 177 219
static\img\0a2fd5d7de2dce69163a19b05d723e50_t.jpg  1  95 66 94 110
static\img\0e8409869027de918dcb7fb276f08859_t.jpg  2  59 68 163 105  224 44 126 80
static\img\0fafb45989f75d570d6983caef379ee1_t.jpg  4  185 62 48 71  185 62 48 71  172 144 73 62  134 255 93 61
static\img\1398e88597268b5587369bea8e6caf8b_t.jpg  1  185 152 279 188
static\img\17a43f589dc9dd617fc11f26e5d1cd18_t.jpg  4  177 208 151 100  116 57 99 48  292 92 112 62  221 45 65 79
static\img\19e8a5e6b26eee53435a509686b851ea_t.jpg  1  158 45 212 182
static\img\1cc40e2165b9a1e6a3d661f9f35cea0e_t.jpg  2  141 137 208 159  38 0 185 86
static\img\1ce105c9b16211abd68637a98da4d5b2_t.jpg  1  77 28 284 292
static\img\1deb3899c05d28b01c072f992bf49601_t.jpg  3  30 129 202 141  112 82 54 43  184 74 120 54
static\img\1eac653cb9a2d51d40423597a9d51f02_t.jpg  1  122 5 248 328
static\img\1ee34c01668201f85eaa7091984c451c_t.jpg  3  311 127 114 73  213 164 96 90  378 52 107 62
static\img\1eed8cdf90f3c4eb6dddb6dcd6056666_t.jpg  1  115 156 194 94
static\img\1f8274664ba40791a44571200421294f_t.jpg  3  240 106 191 149  180 22 148 79  14 103 205 149
static\img\20816671.jpg  1  160 179 100 67
static\img\2194e116c029efc2fc87eec76886a6d6_t.jpg  1  91 266 139 70
static\img\22c6b5a0c719bb24196ecfcdd84489f9_t.jpg  1  257 33 127 149
static\img\291ab4c2e23550c2268e12dd69870214_t.jpg  1  449 132 201 89
static\img\294fc8969139e0d69efdc41f15d9d4e0_t.jpg  3  148 166 150 116  133 46 137 100  24 104 104 146
static\img\2dbc89bd93daff6bcc06bdfc7ec42f0b_t.jpg  1  42 15 388 299
static\img\321ffed53636e458296671b198faed09_t.jpg  2  0 95 174 131  176 125 245 190
static\img\32dd07064109ab88b92246891bf7f7e8_t.jpg  2  0 109 248 165  262 152 248 148
static\img\32dda1768d2d9c3de5689f2037072239_t.jpg  1  103 154 149 66
static\img\3389e2071fff06d008759f0941c3ac3e_t.jpg  1  73 228 264 112
static\img\33f38417e4b682f1f2389d02378030f4_t.jpg  1  294 73 142 119
static\img\3641dc8856c211ad71f8c6af899ec50a_t.jpg  6  141 206 80 62  111 141 75 61  191 128 84 71  198 77 98 47  278 129 88 86  229 228 111 84
static\img\36645873.jpg  1  238 27 207 99
static\img\366e6bbeb2a9f0b384a1c71ab4e2e8d0_t.jpg  2  108 134 111 100  221 120 102 112
static\img\3e95d6de3c9a206f2191f30ae1b09111_t.jpg  2  113 98 151 141  1 59 107 95
static\img\3f537a43c9f5c33c880d8c28b9ecebb6_t.jpg  2  250 171 139 128  109 108 99 68
static\img\4061dd8fb81e2fe18b0ea6a99e155610_t.jpg  2  76 89 132 97  211 112 149 116
static\img\44cf75610277cd54347b43cb7f9cdd03_t.jpg  1  149 129 103 45
static\img\49652697.jpg  1  0 77 147 149
static\img\49666046a41c3ad8cbd04577d3472e8c_t.jpg  1  187 79 256 239
static\img\49899402.jpg  1  108 184 105 114
static\img\49899403.jpg  2  129 198 75 82  287 166 112 74
static\img\4dab67b0b81754a1c50f9458b7796005_t.jpg  2  182 127 141 93  0 123 139 113
static\img\50b3c05e81249fefaef7e2669544e425_t.jpg  1  94 6 276 334
static\img\59a12b6122173d61af5f45a53dc968c9_t.jpg  1  193 220 198 105
static\img\59ad2183367bbee5d389b2f513c75755_t.jpg  3  178 136 98 61  206 44 64 87  278 107 84 81
static\img\5a1658d1546a93504f2b4b11a34eb4f1_t.jpg  1  179 27 204 181
static\img\5a3f700645364ffe25e7739b99549da9_t.jpg  1  28 47 221 189
static\img\5f1c95cb07e3fe578b22016770e89d3e_t.jpg  1  215 65 186 227
static\img\5f9eec30c18a5ea6a9d6458dc515f0a3_t.jpg  3  221 86 224 149  232 16 190 66  14 164 191 176
static\img\607e2eac91c4f3ca763d162a8595d635_t.jpg  3  238 174 136 150  117 164 112 172  33 33 119 69
static\img\61cae315d95740f1e25b733fcc6236c8_t.jpg  1  174 121 115 153
static\img\61d12e370748557184ae3a4ecb6b6114_t.jpg  1  10 87 228 166
static\img\6272d399e401dfa9e5bfa4eabf1157db_t.jpg  1  75 201 97 139
static\img\65b38987c80f8df06e5fcc07736a232e_t.jpg  1  76 112 136 75
static\img\6681474944f7873440361ea3daff0acb_t.jpg  1  141 120 113 72
static\img\67d5e1f0d311743936a7d84feac1fd4f_t.jpg  3  51 95 88 66  141 144 87 74  31 163 107 100
static\img\69b2346b065cf9a46749b2d8aff3b555_t.jpg  1  0 78 191 243
static\img\6ec8e8f4855a11d55782ce39b732caf7_t.jpg  2  144 182 193 64  179 69 159 37
static\img\747887cf60d41be283cf414ee4b11cbb_t.jpg  2  50 149 155 80  286 192 118 108
static\img\762106b99359964c548d049aca63daf1_t.jpg  1  321 161 97 117
static\img\781b374e553c8233c400f375c73b7703_t.jpg  1  70 119 134 163
static\img\79d2dc1ff6ef75dfc8eef997871c002b_t.jpg  2  207 143 115 51  135 83 100 75
static\img\7a60d28ae719db1af24d9a36e3eb4e46_t.jpg  2  296 45 175 193  34 122 267 130
static\img\7c44f8dd9a11ab566af79ca4a0618549_t.jpg  2  205 70 156 167  27 62 159 187
static\img\7cb95b40f97c5e9aee358e9a19f0399e_t.jpg  2  33 131 414 203  0 20 282 117
static\img\7eabec573ccf3e4b1bb84f300cc92d2e_t.jpg  2  36 38 181 160  234 85 205 218
static\img\84ac4b9a68284259b341f90f4075d1df_t.jpg  1  126 158 194 160
static\img\8a3c61e59882bbd8b405fedaed931563_t.jpg  4  48 168 90 74  157 167 92 76  185 94 81 65  96 76 84 75
static\img\8ae8a7f01259051f901eec4eaaa790d1_t.jpg  1  133 76 189 158
static\img\8d6545e5ddbfbd26ba510cb2e2f40f73_t.jpg  1  70 65 400 177
static\img\9033d93894914bd34cf496b7a993566f_t.jpg  3  184 172 246 154  268 20 183 148  188 13 83 160
static\img\908f47920369c68757b1671817665d5d_t.jpg  1  96 102 154 49
static\img\92744677451d22094914d431225b6fe0_t.jpg  5  39 106 153 80  117 42 123 60  232 5 140 41  19 184 120 153  161 231 144 109
static\img\975a03dca37bef7367ed3d73b82b2d3e_t.jpg  1  132 159 166 141
static\img\9a550938808a8b9d5939d4e427f3b8f1_t.jpg  2  315 182 146 105  84 248 199 92
static\img\9c062c50d0f3f4d4a0937cd3f22e0bb7_t.jpg  1  273 143 162 89
static\img\a00b06093d8acee29ae3580d111454d9_t.jpg  1  227 56 220 173
static\img\a17b60f7b8fd40d55684519b1c0613e1_t.jpg  2  143 142 244 196  70 68 209 63
static\img\a27361610c0aa8bb779ecc2e0cfaf1b4_t.jpg  2  272 141 105 95  356 196 137 98
static\img\a80c842a8e2751b002f34ff0a6fb818f_t.jpg  1  306 128 120 78
static\img\a852000cfee31267fff4014a57a50bed_t.jpg  2  77 122 235 161  190 40 153 76
static\img\ac73d966bfb7075b01c102c1ede91186_t.jpg  1  87 27 242 195
static\img\ad0b9d16813a95f03654868e1a44ee0d_t.jpg  1  115 222 352 117
static\img\af16bd81c7589ae7a7e62444dc38c7fa_t.jpg  1  128 66 284 256
static\img\b23c3f468b5151314b08810cef29998d_t.jpg  2  20 145 422 163  30 4 374 126
static\img\b2cf4752be4eb70555a5fa7ae525c28c_t.jpg  3  331 123 55 79  220 172 129 53  255 95 71 77
static\img\b4aba44245fba1f1ce57244be9fa758e_t.jpg  2  151 207 213 93  145 100 140 102
static\img\b6c0d26e7788da4c23be529b65e77203_t.jpg  2  47 168 227 144  408 141 141 143
static\img\b7bb5d54388500fb844c27102daebc2c_t.jpg  2  49 56 162 106  61 160 176 143
static\img\b8c5de25b1aa2ac1f87dff12acc988a2_t.jpg  1  0 76 436 198
static\img\bae6fdd001da350be6ffef0fb1c24ac3_t.jpg  2  17 140 194 130  47 79 100 58
static\img\bb9b05d756587195eaab8429dc7d92eb_t.jpg  2  115 158 135 60  98 48 125 54
static\img\c100a823ecc22e2b5c7ada8edd040f71_t.jpg  2  268 41 99 63  152 30 108 56
static\img\c3fc0ea201b9c9d49aa122b74853d0b7_t.jpg  1  118 205 182 118
static\img\c4824ceb8c627bf2c6706a7441633535_t.jpg  2  269 121 156 125  271 41 162 84
static\img\c4f93e3f698a62389907c77ecd73e674_t.jpg  1  293 163 125 130
static\img\c6a8286df1a149a9be379d8dfb18fdfa_t.jpg  2  3 49 228 141  19 193 289 117
static\img\c9341d72d3832af4b8fd56fa2cbb59e1_t.jpg  4  231 122 186 198  64 118 135 186  81 24 132 80  233 15 130 85
static\img\ca57ffd28a7bbf1bf739a5f8252a99c2_t.jpg  4  298 76 136 104  192 86 77 120  107 73 75 75  73 144 125 114
static\img\ca94a5cd180c12a026968d4f8c991023_t.jpg  1  324 97 120 101
static\img\cc7736cbbe05b358bcdab45c3d050525_t.jpg  1  232 114 201 154
static\img\cd642e38afbb6d562ba7ed8bff88e096_t.jpg  1  11 64 130 96
static\img\d02cd81cc4e4e92ed2e6ce5aeaa5606a_t.jpg  1  185 8 124 116
static\img\d08a64c77db12af3cefd8cd06de6828b_t.jpg  1  0 188 203 148
static\img\d334510eafad57d255c79d8949e5d98d_t.jpg  2  124 48 138 151  262 34 160 118
static\img\d56fc8d3c1be1bb6f26baf8f77d8c117_t.jpg  1  238 16 318 296
static\img\d58cb70908f12241b044de0117e9998d_t.jpg  6  151 228 75 40  336 192 42 42  317 128 30 35  177 178 68 47  161 147 59 33  273 125 45 21
static\img\d5b51fcc4966e29965c91332bb01f4c2_t.jpg  1  33 124 122 146
static\img\d5e66dc56b305c45dd9c904e2062be79_t.jpg  2  89 149 97 112  211 64 121 69
static\img\d76e47bd11dad62bb07891228fa75876_t.jpg  2  276 136 189 145  109 94 172 140
static\img\d7dfafb2453de9e8d9edcd2591ab29d4_t.jpg  1  228 196 80 62
static\img\d8e4e3cf07efb5cd1368803d464e5125_t.jpg  3  0 120 114 186  140 103 107 168  238 84 114 122
static\img\d906b5db786070f6956a84d503b6b433_t.jpg  1  8 64 528 237
static\img\e23898597906754034ce38f193c121c6_t.jpg  1  171 226 190 114
static\img\e69c5db0340e4cb9c79802ba590f8bcb_t.jpg  3  50 135 121 91  119 74 103 65  219 60 93 65
static\img\e78b5de62b5de6fa094ef5b78e5d4291_t.jpg  2  315 115 255 220  43 33 276 195
static\img\ebd66909f0b7e6f76ceca9b864ee3eca_t.jpg  5  330 141 180 95  380 58 122 91  83 208 122 132  107 72 103 80  268 68 121 67
static\img\eca60e6f88e7d7ef357210ecdb31f6b5_t.jpg  3  97 130 106 80  91 86 86 45  37 84 56 68
static\img\ef5221e50a091e0deb4420f5d5e9e2f6_t.jpg  1  166 170 156 162
static\img\f35d53505f4e659515554c65aa41e837_t.jpg  1  115 65 182 192
static\img\f4b8604748e42c903ee0e8d260b1a699_t.jpg  1  24 174 155 95
static\img\f7fa1a5cdad0c3e18e3b9f3eff5f8385_t.jpg  2  0 118 169 180  227 159 283 143
static\img\f86c3230032e91120271a1bfa4a65aac_t.jpg  1  0 90 171 170
static\img\fcfedea87ea801f029fdb4b380ff5337_t.jpg  3  105 180 232 80  277 60 219 87  157 78 100 113
static\img\fdf4e394de94b44040791dc4595e1696_t.jpg  3  186 156 110 90  145 60 103 52  27 164 160 84
static\img\fe0aecd7c59c4645d24a05d9c76a64f4_t.jpg  1  10 99 189 169
static\img\ffd7760e98094ac9442a955a3103ca74_t.jpg  1  53 37 297 199
static\img\thZPHEDWXX.jpg  1  104 27 279 227
static\img\希少部位・イチボ.jpg  1  156 52 257 174
